
---Round 1 start.

Test 1:
global strategy:
0.00	0.00	0.00	0.00	0.08	0.20	5.00	1.00	40.00	0.00	3.00	-100.00	-100.00	-100.00	-100.00	-100.00	-100.00	-100.00	-100.00	-100.00	
Result: 6

Test 2:
global strategy:
1.00	0.00	0.00	0.00	0.08	0.20	5.00	1.00	40.00	0.00	3.00	-100.00	-100.00	-100.00	-100.00	-100.00	-100.00	-100.00	-100.00	-100.00	
Result: 11

best strategy:
1.00	0.00	0.00	0.00	0.08	0.20	5.00	1.00	40.00	0.00	3.00	-100.00	-100.00	-100.00	-100.00	-100.00	-100.00	-100.00	-100.00	-100.00			11.40

Test 3:
global strategy:
2.00	0.00	0.00	0.00	0.08	0.20	5.00	1.00	40.00	0.00	3.00	-100.00	-100.00	-100.00	-100.00	-100.00	-100.00	-100.00	-100.00	-100.00	
Result: 8

Test 4:
global strategy:
3.00	0.00	0.00	0.00	0.08	0.20	5.00	1.00	40.00	0.00	3.00	-100.00	-100.00	-100.00	-100.00	-100.00	-100.00	-100.00	-100.00	-100.00	
Result: 15

best strategy:
3.00	0.00	0.00	0.00	0.08	0.20	5.00	1.00	40.00	0.00	3.00	-100.00	-100.00	-100.00	-100.00	-100.00	-100.00	-100.00	-100.00	-100.00			15.11

Test 5:
global strategy:
4.00	0.00	0.00	0.00	0.08	0.20	5.00	1.00	40.00	0.00	3.00	-100.00	-100.00	-100.00	-100.00	-100.00	-100.00	-100.00	-100.00	-100.00	
Result: 14

Test 6:
global strategy:
5.00	0.00	0.00	0.00	0.08	0.20	5.00	1.00	40.00	0.00	3.00	-100.00	-100.00	-100.00	-100.00	-100.00	-100.00	-100.00	-100.00	-100.00	
Result: 16

best strategy:
5.00	0.00	0.00	0.00	0.08	0.20	5.00	1.00	40.00	0.00	3.00	-100.00	-100.00	-100.00	-100.00	-100.00	-100.00	-100.00	-100.00	-100.00			15.50

Test 7:
global strategy:
6.00	0.00	0.00	0.00	0.08	0.20	5.00	1.00	40.00	0.00	3.00	-100.00	-100.00	-100.00	-100.00	-100.00	-100.00	-100.00	-100.00	-100.00	
Result: 24

best strategy:
6.00	0.00	0.00	0.00	0.08	0.20	5.00	1.00	40.00	0.00	3.00	-100.00	-100.00	-100.00	-100.00	-100.00	-100.00	-100.00	-100.00	-100.00			23.71

Test 8:
global strategy:
7.00	0.00	0.00	0.00	0.08	0.20	5.00	1.00	40.00	0.00	3.00	-100.00	-100.00	-100.00	-100.00	-100.00	-100.00	-100.00	-100.00	-100.00	
Result: 22

Test 9:
global strategy:
8.00	0.00	0.00	0.00	0.08	0.20	5.00	1.00	40.00	0.00	3.00	-100.00	-100.00	-100.00	-100.00	-100.00	-100.00	-100.00	-100.00	-100.00	
Result: 20

Test 10:
global strategy:
6.00	0.00	0.00	0.00	0.08	0.20	5.00	1.00	40.00	0.00	3.00	-100.00	-100.00	-100.00	-100.00	-100.00	-100.00	-100.00	-100.00	-100.00	
Result: 24

Test 11:
global strategy:
6.00	0.00	0.00	0.10	0.08	0.20	5.00	1.00	40.00	0.00	3.00	-100.00	-100.00	-100.00	-100.00	-100.00	-100.00	-100.00	-100.00	-100.00	
Result: 23

Test 12:
global strategy:
6.00	0.00	0.00	0.20	0.08	0.20	5.00	1.00	40.00	0.00	3.00	-100.00	-100.00	-100.00	-100.00	-100.00	-100.00	-100.00	-100.00	-100.00	
Result: 23

Test 13:
global strategy:
6.00	0.00	0.00	0.50	0.08	0.20	5.00	1.00	40.00	0.00	3.00	-100.00	-100.00	-100.00	-100.00	-100.00	-100.00	-100.00	-100.00	-100.00	
Result: 27

best strategy:
6.00	0.00	0.00	0.50	0.08	0.20	5.00	1.00	40.00	0.00	3.00	-100.00	-100.00	-100.00	-100.00	-100.00	-100.00	-100.00	-100.00	-100.00			27.09

Test 14:
global strategy:
6.00	0.00	0.00	0.80	0.08	0.20	5.00	1.00	40.00	0.00	3.00	-100.00	-100.00	-100.00	-100.00	-100.00	-100.00	-100.00	-100.00	-100.00	
Result: 26

Test 15:
global strategy:
6.00	0.00	0.00	1.00	0.08	0.20	5.00	1.00	40.00	0.00	3.00	-100.00	-100.00	-100.00	-100.00	-100.00	-100.00	-100.00	-100.00	-100.00	
Result: 23

Test 16:
global strategy:
6.00	0.00	0.00	1.50	0.08	0.20	5.00	1.00	40.00	0.00	3.00	-100.00	-100.00	-100.00	-100.00	-100.00	-100.00	-100.00	-100.00	-100.00	
Result: 26

Test 17:
global strategy:
6.00	0.00	0.00	2.00	0.08	0.20	5.00	1.00	40.00	0.00	3.00	-100.00	-100.00	-100.00	-100.00	-100.00	-100.00	-100.00	-100.00	-100.00	
Result: 22

Test 18:
global strategy:
6.00	0.00	0.00	0.50	0.01	0.20	5.00	1.00	40.00	0.00	3.00	-100.00	-100.00	-100.00	-100.00	-100.00	-100.00	-100.00	-100.00	-100.00	
Result: 24

Test 19:
global strategy:
6.00	0.00	0.00	0.50	0.02	0.20	5.00	1.00	40.00	0.00	3.00	-100.00	-100.00	-100.00	-100.00	-100.00	-100.00	-100.00	-100.00	-100.00	
Result: 21

Test 20:
global strategy:
6.00	0.00	0.00	0.50	0.03	0.20	5.00	1.00	40.00	0.00	3.00	-100.00	-100.00	-100.00	-100.00	-100.00	-100.00	-100.00	-100.00	-100.00	
Result: 27

Test 21:
global strategy:
6.00	0.00	0.00	0.50	0.04	0.20	5.00	1.00	40.00	0.00	3.00	-100.00	-100.00	-100.00	-100.00	-100.00	-100.00	-100.00	-100.00	-100.00	
Result: 25

Test 22:
global strategy:
6.00	0.00	0.00	0.50	0.05	0.20	5.00	1.00	40.00	0.00	3.00	-100.00	-100.00	-100.00	-100.00	-100.00	-100.00	-100.00	-100.00	-100.00	
Result: 26

Test 23:
global strategy:
6.00	0.00	0.00	0.50	0.06	0.20	5.00	1.00	40.00	0.00	3.00	-100.00	-100.00	-100.00	-100.00	-100.00	-100.00	-100.00	-100.00	-100.00	
Result: 26

Test 24:
global strategy:
6.00	0.00	0.00	0.50	0.08	0.20	5.00	1.00	40.00	0.00	3.00	-100.00	-100.00	-100.00	-100.00	-100.00	-100.00	-100.00	-100.00	-100.00	
Result: 27

Test 25:
global strategy:
6.00	0.00	0.00	0.50	0.10	0.20	5.00	1.00	40.00	0.00	3.00	-100.00	-100.00	-100.00	-100.00	-100.00	-100.00	-100.00	-100.00	-100.00	
Result: 29

best strategy:
6.00	0.00	0.00	0.50	0.10	0.20	5.00	1.00	40.00	0.00	3.00	-100.00	-100.00	-100.00	-100.00	-100.00	-100.00	-100.00	-100.00	-100.00			28.55

Test 26:
global strategy:
6.00	0.00	0.00	0.50	0.15	0.20	5.00	1.00	40.00	0.00	3.00	-100.00	-100.00	-100.00	-100.00	-100.00	-100.00	-100.00	-100.00	-100.00	
Result: 28

Test 27:
global strategy:
6.00	0.00	0.00	0.50	0.20	0.20	5.00	1.00	40.00	0.00	3.00	-100.00	-100.00	-100.00	-100.00	-100.00	-100.00	-100.00	-100.00	-100.00	
Result: 28

Test 28:
global strategy:
6.00	0.00	0.00	0.50	0.10	0.00	5.00	1.00	40.00	0.00	3.00	-100.00	-100.00	-100.00	-100.00	-100.00	-100.00	-100.00	-100.00	-100.00	
Result: 20

Test 29:
global strategy:
6.00	0.00	0.00	0.50	0.10	0.03	5.00	1.00	40.00	0.00	3.00	-100.00	-100.00	-100.00	-100.00	-100.00	-100.00	-100.00	-100.00	-100.00	
Result: 18

Test 30:
global strategy:
6.00	0.00	0.00	0.50	0.10	0.05	5.00	1.00	40.00	0.00	3.00	-100.00	-100.00	-100.00	-100.00	-100.00	-100.00	-100.00	-100.00	-100.00	
Result: 15

Test 31:
global strategy:
6.00	0.00	0.00	0.50	0.10	0.10	5.00	1.00	40.00	0.00	3.00	-100.00	-100.00	-100.00	-100.00	-100.00	-100.00	-100.00	-100.00	-100.00	
Result: 19

Test 32:
global strategy:
6.00	0.00	0.00	0.50	0.10	0.15	5.00	1.00	40.00	0.00	3.00	-100.00	-100.00	-100.00	-100.00	-100.00	-100.00	-100.00	-100.00	-100.00	
Result: 30

best strategy:
6.00	0.00	0.00	0.50	0.10	0.15	5.00	1.00	40.00	0.00	3.00	-100.00	-100.00	-100.00	-100.00	-100.00	-100.00	-100.00	-100.00	-100.00			29.97

Test 33:
global strategy:
6.00	0.00	0.00	0.50	0.10	0.20	5.00	1.00	40.00	0.00	3.00	-100.00	-100.00	-100.00	-100.00	-100.00	-100.00	-100.00	-100.00	-100.00	
Result: 29

Test 34:
global strategy:
6.00	0.00	0.00	0.50	0.10	0.25	5.00	1.00	40.00	0.00	3.00	-100.00	-100.00	-100.00	-100.00	-100.00	-100.00	-100.00	-100.00	-100.00	
Result: 22

Test 35:
global strategy:
6.00	0.00	0.00	0.50	0.10	0.30	5.00	1.00	40.00	0.00	3.00	-100.00	-100.00	-100.00	-100.00	-100.00	-100.00	-100.00	-100.00	-100.00	
Result: 24

Test 36:
global strategy:
6.00	0.00	0.00	0.50	0.10	0.40	5.00	1.00	40.00	0.00	3.00	-100.00	-100.00	-100.00	-100.00	-100.00	-100.00	-100.00	-100.00	-100.00	
Result: 25

Test 37:
global strategy:
6.00	0.00	0.00	0.50	0.10	0.50	5.00	1.00	40.00	0.00	3.00	-100.00	-100.00	-100.00	-100.00	-100.00	-100.00	-100.00	-100.00	-100.00	
Result: 25

Test 38:
global strategy:
6.00	0.00	0.00	0.50	0.10	0.15	5.00	1.00	40.00	0.00	3.00	-100.00	-100.00	-100.00	-100.00	-100.00	-100.00	-100.00	-100.00	-100.00	
Result: 30

Test 39:
global strategy:
6.00	0.00	0.00	0.50	0.10	0.15	5.05	1.00	40.00	0.00	3.00	-100.00	-100.00	-100.00	-100.00	-100.00	-100.00	-100.00	-100.00	-100.00	
Result: 30

Test 40:
global strategy:
6.00	0.00	0.00	0.50	0.10	0.15	5.10	1.00	40.00	0.00	3.00	-100.00	-100.00	-100.00	-100.00	-100.00	-100.00	-100.00	-100.00	-100.00	
Result: 30

Test 41:
global strategy:
6.00	0.00	0.00	0.50	0.10	0.15	5.15	1.00	40.00	0.00	3.00	-100.00	-100.00	-100.00	-100.00	-100.00	-100.00	-100.00	-100.00	-100.00	
Result: 30

Test 42:
global strategy:
6.00	0.00	0.00	0.50	0.10	0.15	5.20	1.00	40.00	0.00	3.00	-100.00	-100.00	-100.00	-100.00	-100.00	-100.00	-100.00	-100.00	-100.00	
Result: 29

Test 43:
global strategy:
6.00	0.00	0.00	0.50	0.10	0.15	5.25	1.00	40.00	0.00	3.00	-100.00	-100.00	-100.00	-100.00	-100.00	-100.00	-100.00	-100.00	-100.00	
Result: 29

Test 44:
global strategy:
6.00	0.00	0.00	0.50	0.10	0.15	5.30	1.00	40.00	0.00	3.00	-100.00	-100.00	-100.00	-100.00	-100.00	-100.00	-100.00	-100.00	-100.00	
Result: 27

Test 45:
global strategy:
6.00	0.00	0.00	0.50	0.10	0.15	5.00	1.00	40.00	0.00	3.00	-100.00	-100.00	-100.00	-100.00	-100.00	-100.00	-100.00	-100.00	-100.00	
Result: 30

Test 46:
global strategy:
6.00	0.00	0.00	0.50	0.10	0.15	5.00	2.00	40.00	0.00	3.00	-100.00	-100.00	-100.00	-100.00	-100.00	-100.00	-100.00	-100.00	-100.00	
Result: 26

Test 47:
global strategy:
6.00	0.00	0.00	0.50	0.10	0.15	5.00	3.00	40.00	0.00	3.00	-100.00	-100.00	-100.00	-100.00	-100.00	-100.00	-100.00	-100.00	-100.00	
Result: 22

Test 48:
global strategy:
6.00	0.00	0.00	0.50	0.10	0.15	5.00	1.00	40.00	-8.00	3.00	-100.00	-100.00	-100.00	-100.00	-100.00	-100.00	-100.00	-100.00	-100.00	
Result: 17

Test 49:
global strategy:
6.00	0.00	0.00	0.50	0.10	0.15	5.00	1.00	40.00	-5.00	3.00	-100.00	-100.00	-100.00	-100.00	-100.00	-100.00	-100.00	-100.00	-100.00	
Result: 14

Test 50:
global strategy:
6.00	0.00	0.00	0.50	0.10	0.15	5.00	1.00	40.00	-2.00	3.00	-100.00	-100.00	-100.00	-100.00	-100.00	-100.00	-100.00	-100.00	-100.00	
Result: 24

Test 51:
global strategy:
6.00	0.00	0.00	0.50	0.10	0.15	5.00	1.00	40.00	-1.00	3.00	-100.00	-100.00	-100.00	-100.00	-100.00	-100.00	-100.00	-100.00	-100.00	
Result: 22

Test 52:
global strategy:
6.00	0.00	0.00	0.50	0.10	0.15	5.00	1.00	40.00	0.00	3.00	-100.00	-100.00	-100.00	-100.00	-100.00	-100.00	-100.00	-100.00	-100.00	
Result: 30

Test 53:
global strategy:
6.00	0.00	0.00	0.50	0.10	0.15	5.00	1.00	40.00	1.00	3.00	-100.00	-100.00	-100.00	-100.00	-100.00	-100.00	-100.00	-100.00	-100.00	
Result: 22

Test 54:
global strategy:
6.00	0.00	0.00	0.50	0.10	0.15	5.00	1.00	40.00	2.00	3.00	-100.00	-100.00	-100.00	-100.00	-100.00	-100.00	-100.00	-100.00	-100.00	
Result: 24

Test 55:
global strategy:
6.00	0.00	0.00	0.50	0.10	0.15	5.00	1.00	40.00	5.00	3.00	-100.00	-100.00	-100.00	-100.00	-100.00	-100.00	-100.00	-100.00	-100.00	
Result: 20

Test 56:
global strategy:
6.00	0.00	0.00	0.50	0.10	0.15	5.00	1.00	40.00	8.00	3.00	-100.00	-100.00	-100.00	-100.00	-100.00	-100.00	-100.00	-100.00	-100.00	
Result: 23

Test 57:
global strategy:
6.00	0.00	0.00	0.50	0.10	0.15	5.00	1.00	40.00	0.00	0.00	-100.00	-100.00	-100.00	-100.00	-100.00	-100.00	-100.00	-100.00	-100.00	
Result: 27

Test 58:
global strategy:
6.00	0.00	0.00	0.50	0.10	0.15	5.00	1.00	40.00	0.00	1.00	-100.00	-100.00	-100.00	-100.00	-100.00	-100.00	-100.00	-100.00	-100.00	
Result: 21

Test 59:
global strategy:
6.00	0.00	0.00	0.50	0.10	0.15	5.00	1.00	40.00	0.00	2.00	-100.00	-100.00	-100.00	-100.00	-100.00	-100.00	-100.00	-100.00	-100.00	
Result: 18

Test 60:
global strategy:
6.00	0.00	0.00	0.50	0.10	0.15	5.00	1.00	40.00	0.00	3.00	-100.00	-100.00	-100.00	-100.00	-100.00	-100.00	-100.00	-100.00	-100.00	
Result: 30

Test 61:
global strategy:
6.00	0.00	0.00	0.50	0.10	0.15	5.00	1.00	40.00	0.00	4.00	-100.00	-100.00	-100.00	-100.00	-100.00	-100.00	-100.00	-100.00	-100.00	
Result: 19

Test 62:
global strategy:
6.00	0.00	0.00	0.50	0.10	0.15	5.00	1.00	40.00	0.00	5.00	-100.00	-100.00	-100.00	-100.00	-100.00	-100.00	-100.00	-100.00	-100.00	
Result: 27

Test 63:
global strategy:
6.00	0.00	0.00	0.50	0.10	0.15	5.00	1.00	40.00	0.00	6.00	-100.00	-100.00	-100.00	-100.00	-100.00	-100.00	-100.00	-100.00	-100.00	
Result: 22

Test 64:
global strategy:
6.00	0.00	0.00	0.50	0.10	0.15	5.00	1.00	40.00	0.00	7.00	-100.00	-100.00	-100.00	-100.00	-100.00	-100.00	-100.00	-100.00	-100.00	
Result: 21

Test 65:
global strategy:
6.00	0.00	0.00	0.50	0.10	0.15	5.00	1.00	40.00	0.00	8.00	-100.00	-100.00	-100.00	-100.00	-100.00	-100.00	-100.00	-100.00	-100.00	
Result: 25

---Round 1 finished. bs1 is as follows:

best strategy:
6.00	0.00	0.00	0.50	0.10	0.15	5.00	1.00	40.00	0.00	3.00	-100.00	-100.00	-100.00	-100.00	-100.00	-100.00	-100.00	-100.00	-100.00			29.97

---Round 2 start.

Test 66:
global strategy:
0.00	0.00	0.00	0.50	0.10	0.15	5.00	1.00	40.00	0.00	3.00	-100.00	-100.00	-100.00	-100.00	-100.00	-100.00	-100.00	-100.00	-100.00	
Result: 5

Test 67:
global strategy:
1.00	0.00	0.00	0.50	0.10	0.15	5.00	1.00	40.00	0.00	3.00	-100.00	-100.00	-100.00	-100.00	-100.00	-100.00	-100.00	-100.00	-100.00	
Result: 6

Test 68:
global strategy:
2.00	0.00	0.00	0.50	0.10	0.15	5.00	1.00	40.00	0.00	3.00	-100.00	-100.00	-100.00	-100.00	-100.00	-100.00	-100.00	-100.00	-100.00	
Result: 3

Test 69:
global strategy:
3.00	0.00	0.00	0.50	0.10	0.15	5.00	1.00	40.00	0.00	3.00	-100.00	-100.00	-100.00	-100.00	-100.00	-100.00	-100.00	-100.00	-100.00	
Result: 10

Test 70:
global strategy:
4.00	0.00	0.00	0.50	0.10	0.15	5.00	1.00	40.00	0.00	3.00	-100.00	-100.00	-100.00	-100.00	-100.00	-100.00	-100.00	-100.00	-100.00	
Result: 15

Test 71:
global strategy:
5.00	0.00	0.00	0.50	0.10	0.15	5.00	1.00	40.00	0.00	3.00	-100.00	-100.00	-100.00	-100.00	-100.00	-100.00	-100.00	-100.00	-100.00	
Result: 22

Test 72:
global strategy:
6.00	0.00	0.00	0.50	0.10	0.15	5.00	1.00	40.00	0.00	3.00	-100.00	-100.00	-100.00	-100.00	-100.00	-100.00	-100.00	-100.00	-100.00	
Result: 30

Test 73:
global strategy:
7.00	0.00	0.00	0.50	0.10	0.15	5.00	1.00	40.00	0.00	3.00	-100.00	-100.00	-100.00	-100.00	-100.00	-100.00	-100.00	-100.00	-100.00	
Result: 27

Test 74:
global strategy:
8.00	0.00	0.00	0.50	0.10	0.15	5.00	1.00	40.00	0.00	3.00	-100.00	-100.00	-100.00	-100.00	-100.00	-100.00	-100.00	-100.00	-100.00	
Result: 22

Test 75:
global strategy:
6.00	0.00	0.00	0.00	0.10	0.15	5.00	1.00	40.00	0.00	3.00	-100.00	-100.00	-100.00	-100.00	-100.00	-100.00	-100.00	-100.00	-100.00	
Result: 20

Test 76:
global strategy:
6.00	0.00	0.00	0.10	0.10	0.15	5.00	1.00	40.00	0.00	3.00	-100.00	-100.00	-100.00	-100.00	-100.00	-100.00	-100.00	-100.00	-100.00	
Result: 21

Test 77:
global strategy:
6.00	0.00	0.00	0.20	0.10	0.15	5.00	1.00	40.00	0.00	3.00	-100.00	-100.00	-100.00	-100.00	-100.00	-100.00	-100.00	-100.00	-100.00	
Result: 22

Test 78:
global strategy:
6.00	0.00	0.00	0.50	0.10	0.15	5.00	1.00	40.00	0.00	3.00	-100.00	-100.00	-100.00	-100.00	-100.00	-100.00	-100.00	-100.00	-100.00	
Result: 30

Test 79:
global strategy:
6.00	0.00	0.00	0.80	0.10	0.15	5.00	1.00	40.00	0.00	3.00	-100.00	-100.00	-100.00	-100.00	-100.00	-100.00	-100.00	-100.00	-100.00	
Result: 29

Test 80:
global strategy:
6.00	0.00	0.00	1.00	0.10	0.15	5.00	1.00	40.00	0.00	3.00	-100.00	-100.00	-100.00	-100.00	-100.00	-100.00	-100.00	-100.00	-100.00	
Result: 27

Test 81:
global strategy:
6.00	0.00	0.00	1.50	0.10	0.15	5.00	1.00	40.00	0.00	3.00	-100.00	-100.00	-100.00	-100.00	-100.00	-100.00	-100.00	-100.00	-100.00	
Result: 24

Test 82:
global strategy:
6.00	0.00	0.00	2.00	0.10	0.15	5.00	1.00	40.00	0.00	3.00	-100.00	-100.00	-100.00	-100.00	-100.00	-100.00	-100.00	-100.00	-100.00	
Result: 23

Test 83:
global strategy:
6.00	0.00	0.00	0.50	0.01	0.15	5.00	1.00	40.00	0.00	3.00	-100.00	-100.00	-100.00	-100.00	-100.00	-100.00	-100.00	-100.00	-100.00	
Result: 18

Test 84:
global strategy:
6.00	0.00	0.00	0.50	0.02	0.15	5.00	1.00	40.00	0.00	3.00	-100.00	-100.00	-100.00	-100.00	-100.00	-100.00	-100.00	-100.00	-100.00	
Result: 21

Test 85:
global strategy:
6.00	0.00	0.00	0.50	0.03	0.15	5.00	1.00	40.00	0.00	3.00	-100.00	-100.00	-100.00	-100.00	-100.00	-100.00	-100.00	-100.00	-100.00	
Result: 24

Test 86:
global strategy:
6.00	0.00	0.00	0.50	0.04	0.15	5.00	1.00	40.00	0.00	3.00	-100.00	-100.00	-100.00	-100.00	-100.00	-100.00	-100.00	-100.00	-100.00	
Result: 23

Test 87:
global strategy:
6.00	0.00	0.00	0.50	0.05	0.15	5.00	1.00	40.00	0.00	3.00	-100.00	-100.00	-100.00	-100.00	-100.00	-100.00	-100.00	-100.00	-100.00	
Result: 24

Test 88:
global strategy:
6.00	0.00	0.00	0.50	0.06	0.15	5.00	1.00	40.00	0.00	3.00	-100.00	-100.00	-100.00	-100.00	-100.00	-100.00	-100.00	-100.00	-100.00	
Result: 24

Test 89:
global strategy:
6.00	0.00	0.00	0.50	0.08	0.15	5.00	1.00	40.00	0.00	3.00	-100.00	-100.00	-100.00	-100.00	-100.00	-100.00	-100.00	-100.00	-100.00	
Result: 29

Test 90:
global strategy:
6.00	0.00	0.00	0.50	0.10	0.15	5.00	1.00	40.00	0.00	3.00	-100.00	-100.00	-100.00	-100.00	-100.00	-100.00	-100.00	-100.00	-100.00	
Result: 30

Test 91:
global strategy:
6.00	0.00	0.00	0.50	0.15	0.15	5.00	1.00	40.00	0.00	3.00	-100.00	-100.00	-100.00	-100.00	-100.00	-100.00	-100.00	-100.00	-100.00	
Result: 30

Test 92:
global strategy:
6.00	0.00	0.00	0.50	0.20	0.15	5.00	1.00	40.00	0.00	3.00	-100.00	-100.00	-100.00	-100.00	-100.00	-100.00	-100.00	-100.00	-100.00	
Result: 30

Test 93:
global strategy:
6.00	0.00	0.00	0.50	0.10	0.00	5.00	1.00	40.00	0.00	3.00	-100.00	-100.00	-100.00	-100.00	-100.00	-100.00	-100.00	-100.00	-100.00	
Result: 20

Test 94:
global strategy:
6.00	0.00	0.00	0.50	0.10	0.03	5.00	1.00	40.00	0.00	3.00	-100.00	-100.00	-100.00	-100.00	-100.00	-100.00	-100.00	-100.00	-100.00	
Result: 18

Test 95:
global strategy:
6.00	0.00	0.00	0.50	0.10	0.05	5.00	1.00	40.00	0.00	3.00	-100.00	-100.00	-100.00	-100.00	-100.00	-100.00	-100.00	-100.00	-100.00	
Result: 15

Test 96:
global strategy:
6.00	0.00	0.00	0.50	0.10	0.10	5.00	1.00	40.00	0.00	3.00	-100.00	-100.00	-100.00	-100.00	-100.00	-100.00	-100.00	-100.00	-100.00	
Result: 19

Test 97:
global strategy:
6.00	0.00	0.00	0.50	0.10	0.15	5.00	1.00	40.00	0.00	3.00	-100.00	-100.00	-100.00	-100.00	-100.00	-100.00	-100.00	-100.00	-100.00	
Result: 30

Test 98:
global strategy:
6.00	0.00	0.00	0.50	0.10	0.20	5.00	1.00	40.00	0.00	3.00	-100.00	-100.00	-100.00	-100.00	-100.00	-100.00	-100.00	-100.00	-100.00	
Result: 29

Test 99:
global strategy:
6.00	0.00	0.00	0.50	0.10	0.25	5.00	1.00	40.00	0.00	3.00	-100.00	-100.00	-100.00	-100.00	-100.00	-100.00	-100.00	-100.00	-100.00	
Result: 22

Test 100:
global strategy:
6.00	0.00	0.00	0.50	0.10	0.30	5.00	1.00	40.00	0.00	3.00	-100.00	-100.00	-100.00	-100.00	-100.00	-100.00	-100.00	-100.00	-100.00	
Result: 24

Test 101:
global strategy:
6.00	0.00	0.00	0.50	0.10	0.40	5.00	1.00	40.00	0.00	3.00	-100.00	-100.00	-100.00	-100.00	-100.00	-100.00	-100.00	-100.00	-100.00	
Result: 25

Test 102:
global strategy:
6.00	0.00	0.00	0.50	0.10	0.50	5.00	1.00	40.00	0.00	3.00	-100.00	-100.00	-100.00	-100.00	-100.00	-100.00	-100.00	-100.00	-100.00	
Result: 25

Test 103:
global strategy:
6.00	0.00	0.00	0.50	0.10	0.15	5.00	1.00	40.00	0.00	3.00	-100.00	-100.00	-100.00	-100.00	-100.00	-100.00	-100.00	-100.00	-100.00	
Result: 30

Test 104:
global strategy:
6.00	0.00	0.00	0.50	0.10	0.15	5.05	1.00	40.00	0.00	3.00	-100.00	-100.00	-100.00	-100.00	-100.00	-100.00	-100.00	-100.00	-100.00	
Result: 30

Test 105:
global strategy:
6.00	0.00	0.00	0.50	0.10	0.15	5.10	1.00	40.00	0.00	3.00	-100.00	-100.00	-100.00	-100.00	-100.00	-100.00	-100.00	-100.00	-100.00	
Result: 30

Test 106:
global strategy:
6.00	0.00	0.00	0.50	0.10	0.15	5.15	1.00	40.00	0.00	3.00	-100.00	-100.00	-100.00	-100.00	-100.00	-100.00	-100.00	-100.00	-100.00	
Result: 30

Test 107:
global strategy:
6.00	0.00	0.00	0.50	0.10	0.15	5.20	1.00	40.00	0.00	3.00	-100.00	-100.00	-100.00	-100.00	-100.00	-100.00	-100.00	-100.00	-100.00	
Result: 29

Test 108:
global strategy:
6.00	0.00	0.00	0.50	0.10	0.15	5.25	1.00	40.00	0.00	3.00	-100.00	-100.00	-100.00	-100.00	-100.00	-100.00	-100.00	-100.00	-100.00	
Result: 29

Test 109:
global strategy:
6.00	0.00	0.00	0.50	0.10	0.15	5.30	1.00	40.00	0.00	3.00	-100.00	-100.00	-100.00	-100.00	-100.00	-100.00	-100.00	-100.00	-100.00	
Result: 27

Test 110:
global strategy:
6.00	0.00	0.00	0.50	0.10	0.15	5.00	1.00	40.00	0.00	3.00	-100.00	-100.00	-100.00	-100.00	-100.00	-100.00	-100.00	-100.00	-100.00	
Result: 30

Test 111:
global strategy:
6.00	0.00	0.00	0.50	0.10	0.15	5.00	2.00	40.00	0.00	3.00	-100.00	-100.00	-100.00	-100.00	-100.00	-100.00	-100.00	-100.00	-100.00	
Result: 26

Test 112:
global strategy:
6.00	0.00	0.00	0.50	0.10	0.15	5.00	3.00	40.00	0.00	3.00	-100.00	-100.00	-100.00	-100.00	-100.00	-100.00	-100.00	-100.00	-100.00	
Result: 22

Test 113:
global strategy:
6.00	0.00	0.00	0.50	0.10	0.15	5.00	1.00	40.00	-8.00	3.00	-100.00	-100.00	-100.00	-100.00	-100.00	-100.00	-100.00	-100.00	-100.00	
Result: 17

Test 114:
global strategy:
6.00	0.00	0.00	0.50	0.10	0.15	5.00	1.00	40.00	-5.00	3.00	-100.00	-100.00	-100.00	-100.00	-100.00	-100.00	-100.00	-100.00	-100.00	
Result: 14

Test 115:
global strategy:
6.00	0.00	0.00	0.50	0.10	0.15	5.00	1.00	40.00	-2.00	3.00	-100.00	-100.00	-100.00	-100.00	-100.00	-100.00	-100.00	-100.00	-100.00	
Result: 24

Test 116:
global strategy:
6.00	0.00	0.00	0.50	0.10	0.15	5.00	1.00	40.00	-1.00	3.00	-100.00	-100.00	-100.00	-100.00	-100.00	-100.00	-100.00	-100.00	-100.00	
Result: 22

Test 117:
global strategy:
6.00	0.00	0.00	0.50	0.10	0.15	5.00	1.00	40.00	0.00	3.00	-100.00	-100.00	-100.00	-100.00	-100.00	-100.00	-100.00	-100.00	-100.00	
Result: 30

Test 118:
global strategy:
6.00	0.00	0.00	0.50	0.10	0.15	5.00	1.00	40.00	1.00	3.00	-100.00	-100.00	-100.00	-100.00	-100.00	-100.00	-100.00	-100.00	-100.00	
Result: 22

Test 119:
global strategy:
6.00	0.00	0.00	0.50	0.10	0.15	5.00	1.00	40.00	2.00	3.00	-100.00	-100.00	-100.00	-100.00	-100.00	-100.00	-100.00	-100.00	-100.00	
Result: 24

Test 120:
global strategy:
6.00	0.00	0.00	0.50	0.10	0.15	5.00	1.00	40.00	5.00	3.00	-100.00	-100.00	-100.00	-100.00	-100.00	-100.00	-100.00	-100.00	-100.00	
Result: 20

Test 121:
global strategy:
6.00	0.00	0.00	0.50	0.10	0.15	5.00	1.00	40.00	8.00	3.00	-100.00	-100.00	-100.00	-100.00	-100.00	-100.00	-100.00	-100.00	-100.00	
Result: 23

Test 122:
global strategy:
6.00	0.00	0.00	0.50	0.10	0.15	5.00	1.00	40.00	0.00	0.00	-100.00	-100.00	-100.00	-100.00	-100.00	-100.00	-100.00	-100.00	-100.00	
Result: 27

Test 123:
global strategy:
6.00	0.00	0.00	0.50	0.10	0.15	5.00	1.00	40.00	0.00	1.00	-100.00	-100.00	-100.00	-100.00	-100.00	-100.00	-100.00	-100.00	-100.00	
Result: 21

Test 124:
global strategy:
6.00	0.00	0.00	0.50	0.10	0.15	5.00	1.00	40.00	0.00	2.00	-100.00	-100.00	-100.00	-100.00	-100.00	-100.00	-100.00	-100.00	-100.00	
Result: 18

Test 125:
global strategy:
6.00	0.00	0.00	0.50	0.10	0.15	5.00	1.00	40.00	0.00	3.00	-100.00	-100.00	-100.00	-100.00	-100.00	-100.00	-100.00	-100.00	-100.00	
Result: 30

Test 126:
global strategy:
6.00	0.00	0.00	0.50	0.10	0.15	5.00	1.00	40.00	0.00	4.00	-100.00	-100.00	-100.00	-100.00	-100.00	-100.00	-100.00	-100.00	-100.00	
Result: 19

Test 127:
global strategy:
6.00	0.00	0.00	0.50	0.10	0.15	5.00	1.00	40.00	0.00	5.00	-100.00	-100.00	-100.00	-100.00	-100.00	-100.00	-100.00	-100.00	-100.00	
Result: 27

Test 128:
global strategy:
6.00	0.00	0.00	0.50	0.10	0.15	5.00	1.00	40.00	0.00	6.00	-100.00	-100.00	-100.00	-100.00	-100.00	-100.00	-100.00	-100.00	-100.00	
Result: 22

Test 129:
global strategy:
6.00	0.00	0.00	0.50	0.10	0.15	5.00	1.00	40.00	0.00	7.00	-100.00	-100.00	-100.00	-100.00	-100.00	-100.00	-100.00	-100.00	-100.00	
Result: 21

Test 130:
global strategy:
6.00	0.00	0.00	0.50	0.10	0.15	5.00	1.00	40.00	0.00	8.00	-100.00	-100.00	-100.00	-100.00	-100.00	-100.00	-100.00	-100.00	-100.00	
Result: 25

---Round 2 finished. bs1 is as follows:

best strategy:
6.00	0.00	0.00	0.50	0.10	0.15	5.00	1.00	40.00	0.00	3.00	-100.00	-100.00	-100.00	-100.00	-100.00	-100.00	-100.00	-100.00	-100.00			29.97

===All tests finished. bs0 is as follows:

best strategy:
6.00	0.00	0.00	0.50	0.10	0.15	5.00	1.00	40.00	0.00	3.00	-100.00	-100.00	-100.00	-100.00	-100.00	-100.00	-100.00	-100.00	-100.00			29.97
